0 0 0 0 15 0 0 0 0 11 0 14 0 0 0 0
0 9 7 0 0 10 0 0 0 0 13 0 0 12 0 14
0 13 0 0 0 0 12 0 16 0 0 0 9 7 0 0
2 4 0 0 0 9 6 11 1 0 12 0 0 5 13 16
0 0 15 0 0 0 0 0 0 8 5 0 0 0 0 0
0 6 13 0 10 0 0 0 12 0 0 0 0 0 0 0
0 0 0 0 2 12 5 0 0 16 9 6 0 0 7 0
0 2 16 0 0 0 0 0 0 13 0 1 0 0 0 10
5 0 0 0 0 0 0 0 0 0 1 3 0 0 9 0
9 0 0 0 0 0 0 0 0 2 10 0 0 6 16 0
0 0 0 0 0 0 7 0 8 0 0 0 0 0 3 11
0 0 1 10 0 0 13 9 0 14 0 0 7 0 0 0
0 0 0 0 0 0 0 0 2 4 11 0 0 0 0 7
0 7 0 2 6 0 0 4 0 9 0 10 0 0 8 0
0 0 0 0 13 0 0 0 0 0 8 0 0 0 0 0
0 0 0 4 0 16 0 12 3 0 0 0 13 0 0 0
