0 0 0 6 0 12 0 21 0 15 0 0 0 14 0 16 11 0 0 9 13 0 0 0 8
24 15 0 0 21 0 22 0 25 0 0 0 0 0 0 0 0 0 0 1 7 14 11 0 6
0 0 0 0 0 2 0 14 4 9 0 21 1 13 0 0 0 6 0 0 0 3 0 0 0
17 14 0 0 0 0 6 0 0 7 0 11 8 0 0 21 0 0 0 0 0 0 15 0 0
2 25 0 0 11 0 0 20 0 16 0 22 0 0 24 0 0 19 0 0 0 0 0 0 0
0 0 0 0 0 0 0 0 23 0 0 0 0 0 0 0 0 0 0 18 0 0 0 5 0
0 20 13 10 0 0 0 0 6 14 0 0 0 0 11 0 0 0 0 0 0 19 0 0 22
0 24 7 21 0 0 0 18 0 0 0 25 16 0 0 0 17 0 0 0 0 9 0 0 12
0 0 0 0 12 0 0 0 0 0 0 0 0 10 0 0 0 0 0 16 0 0 0 0 2
0 0 9 0 5 0 21 0 0 13 0 0 0 0 0 0 0 0 11 0 0 0 0 0 10
10 7 15 0 19 0 0 0 2 0 0 23 0 20 0 0 0 0 0 0 0 22 13 0 0
16 21 0 0 0 20 0 13 0 0 8 0 17 0 0 0 0 12 0 0 1 18 0 0 9
0 0 0 0 22 0 23 0 0 11 0 0 0 16 0 0 0 0 0 0 20 0 0 0 0
0 0 0 20 0 6 0 0 0 0 0 15 0 0 0 0 0 0 21 0 0 24 8 0 0
0 4 25 0 0 0 0 0 0 0 0 0 12 0 0 0 0 5 0 0 0 0 16 0 0
0 0 2 16 0 18 7 0 21 0 0 0 15 0 0 0 0 0 0 0 0 0 0 0 0
13 0 0 23 0 3 20 0 0 0 0 0 0 7 0 0 12 2 0 0 0 0 0 14 0
0 0 0 0 0 0 15 0 14 0 13 0 0 0 0 0 0 11 0 0 0 0 0 0 7
0 0 0 0 0 0 2 0 0 0 0 8 5 0 0 0 0 0 23 0 16 25 0 0 19
18 0 19 0 9 0 0 0 0 0 24 20 0 0 0 0 0 0 0 14 0 8 0 0 0
0 0 0 18 0 0 25 0 17 21 0 0 0 0 0 0 0 0 0 0 22 0 0 0 0
0 0 0 0 1 14 0 23 0 0 20 13 0 0 0 0 0 0 0 21 0 0 19 8 24
0 0 0 0 4 0 18 0 0 0 0 0 0 0 0 0 22 0 9 0 0 0 0 0 0
0 0 0 7 2 0 24 6 12 0 22 0 4 0 0 0 0 0 0 10 0 0 0 0 14
0 16 0 3 24 0 0 0 0 4 15 0 0 19 1 11 0 0 18 0 0 12 0 0 0
